latitude=12.83775393260979
longitude=77.65023060345352
